106433
579999
195844
207627
152750
127921
343829
139966
126683
198397
462257
111147
101168
115903
396815
175396
178874
101123
222209
142980
103466
617594
236091
196069
109565
102434
319294
131117
199311
129877
112580
124805
137436
161719
103340
205671
132929
175023
122041
201165
125872
180105
229617
382578
117517
108755
153060
136286
197899
1307402
244769
1197816
129699
1526006
295803
163924
416427
583776
247597
167674
101786
173514
787033
145170
116830
118296
161791
170883
118772
601723
124354
285068
103190
124775
2099451
105594
106476
8175133
335709
365438
153015
189992
189885
118788
287208
102372
216961
390724
108188
253691
403892
203433
608660
181045
150441
117063
115942
144229
115007
109960
437994
111772
153888
176320
399457
118032
139824
382368
106595
821784
259841
226721
136416
208453
146199
106098
291707
204214
167815
144186
154750
103701
238300
107685
193524
156185
156633
159498
140081
269666
141853
229493
600158
583756
258379
649121
105549
741206
108500
291826
137122
225221
205764
233209
229573
195976
107167
197899
104170
154305
119097
459787
190695
147433
790390
145438
209924
104371
152374
105328
212375
104553
200654
594833
116250
120083
135234
188040
597337
129272
106114
178042
212237
186440
1445632
140768
116989
106769
945942
124969
141527
494665
109673
113383
105162
336265
106433
337256
165269
408958
104057
820445
122363
164603
129779
126326
191719
105549
110366
520116
601222
195111
120623
193365
129480
236123
325078
110925
135161
466488
165521
243916
347483
106519
112488
180719
439041
805235
117429
305704
210565
224669
145786
731424
122643
100097
121096
127473
257729
124442
646889
261310
149043
2695598
100377
113475
420003
152871
303871
103019
226876
545852
154065
143986
391906
1327407
143911
713777
199110
124237
113934
115452
181376
122067
208916
103712
154637
214089
228330
167086
305215
277140
620961
217385
134056
114297
296943
216290
242803
324528
3792621
149058
173372
105321
116468