60
202
269
331
614
723
839
1031
1214
1263
1271
1483
1522
1731
1740
1934
2046
2052
2116
2117
2193
2193
2543
2602
2665
2794
2799
2830
2835
2884
2895
2943
3067
3192
3339
3504
3530
3573
3731
3797
3868
3888
3910
3915
3959
3984
3990
4171
4312
4343
4408
4436
4559
4673
4825
4828
4878
4906
5292
5310
5360
5624
5725
5794
6036
6093
6306
6387
6395
6444
6484
6605
6707
6822
6866
7140
7235
7440
7527
7720
7721
7820
7917
7941
7955
7995
8036
8062
8123
8131
8158
8276
8277
8522
8708
8998
9083
9188
9242
9443
9663
9993
10040
10205
10258
10515
10535
10723
10792
10842
11128
11176
11299
11351
11385
11631
11696
11836
11951
12036
12107
12395
12413
12463
12480
12798
12804
12839
12870
12889
13685
13924
13934
14080
14140
14141
14246
14437
14536
14553
14592
14639
14872
14917
15088
15616
15870
15970
16013
16051
16226
16269
16301
16330
16459
16528
16537
16542
16579
16749
16806
16816
16983
17062
17130
17208
17219
17222
17275
17283
17313
17380
17409
17457
17494
17588
17591
17677
17776
17955
17964
18052
18109
18321
18425
18487
18489
18636
18636
18741
18811
18933
19034
19037
19200
19251
19271
19340
19340
19694
19783
19797
19882
19962
20162
20185
20227
20355
20453
20493
20550
20749
20755
20801
20823
21133
21199
21288
21365
21444
21604
21684
21705
21747
21795
22030
22147
22391
22423
22519
22727
22793
22918
22975
22982
22995
23070
23239
23374
23581
23598
23624
23632
23829
23847
23859
23865
23875
24049
24148
24268
24316
24370
24805
24861
24916
25023
25222
25359
25405
25518
25532
26108
26171
26274
26518
26557
26656
26873
26954
26955
27014
27043
27059
27143
27216
27217
27243
27253
27318
27419
27543
27571
27636
27708
27768
27929
28151
28415
28423
28489
28517
28560
28618
28647
28665
29113
29154
29195
29247
29387
29394
29403
29498
29531
29666
29754
29846
30021
30027
30508
30518
30525
30586
30678
30701
30861
30898
30967
31010
31058
31100
31195
31503
31510
31558
31567
31655
31668
31744
31822
31841
31842
32130
32318
32337
32391
32527
32611
32655
32774
32833
32839
32856
32899
33065
33112
33152
33223
33229
33233
33292
33339
33392
33435
33470
33575
33622
33699
33812
33847
33896
33902
33911
34065
34164
34278
34331
34337
34442
34455
34472
34681
34749
34751
34764
34898
34985
35074
35218
35317
35354
35424
35455
35564
35571
35638
35831
35847
36144
36339
36385
36576
36910
37122
37162
37174
37262
37401
37450
37488
37606
37615
37672
37865
38039
38186
38219
38220
38239
38431
38503
38797
38986
39015
39356
39458
39488
39498
39498
39511
40083
40125
40266
40269
40424
40508
40561
40590
40619
40686
40752
40859
40901
40937
41026
41036
41065
41140
41243
41374
41379
41733
41769
41770
41807
42408
42541
42609
42671
42690
42742
42784
43212
43338
43725
43770
43917
43969
44060
44085
44356
44377
44449
44453
44489
44623
44631
44758
44901
44944
45077
45482
45606
45630
45677
45691
45712
45746
46442
46476
46502
46766
46834
46901
47362
47438
47487
47532
47597
47831
47840
47897
48011
48066
48111
48256
48261
48760
48907
48928
48959
49055
49521
49623
49691
49963
50016
50043
50106
50139
50196
50230
50286
50372
50393
50550
50987
51111
51190
51313
51342
51358
51489
51613
51711
51744
51914
51931
51935
52066
52483
52495
52578
52799
53125
53216
53581
53647
53670
53688
53736
53743
53847
53909
54062
54123
54236
54377
54704
54826
54849
54858
55106
55155
55353
55484
55557
55578
55857
55961
55968
56076
56113
56136
56219
56249
56362
56450
56607
56637
56678
56720
56865
56961
56985
56993
57077
57132
57149
57152
57373
57521
57523
57679
57701
57836
57941
57988
58005
58028
58115
58272
58380
58453
58529
58570
58573
58650
58901
59331
59461
59489
59510
59643
59739
59837
59885
60103
60310
60425
60501
60633
60734
60779
60851
61004
61026
61183
61516
61551
61841
61911
61998
62049
62146
62294
62389
62428
62467
62472
62708
62717
62749
63023
63072
63196
63237
63350
63540
63558
63628
63838
63878
63880
64095
64117
64195
64311
64396
64450
64456
64458
64500
64598
64598
64762
64778
64914
64933
64940
65061
65093
65192
65385
65804
65925
65997
66124
66273
66433
66528
66568
66636
66662
66879
66897
67106
67499
67514
67728
67729
67869
68055
68139
68177
68205
68211
68341
68355
68419
68479
68654
68697
68768
68806
68880
68889
69015
69075
69274
69309
69443
69563
69578
69637
69663
69678
69709
69980
70020
70085
70107
70152
70238
70342
70344
70377
70443
70689
70751
70870
71098
71336
71454
71544
71618
71675
71682
71703
71773
71870
71976
72069
72082
72217
72269
72302
72501
72711
72868
72881
73045
73080
73247
73291
73351
73456
73667
73694
73830
73863
73933
74025
74046
74256
74352
74549
74589
74602
74735
74765
74840
74937
75041
75050
75137
75232
75329
75375
75421
75507
75542
75632
75779
75853
76022
76217
76244
76259
76403
76446
76459
76674
76684
76694
76716
76867
76891
77043
77072
77158
77366
77387
77512
77757
77842
78054
78084
78101
78203
78215
78318
78408
78446
79003
79046
79066
79122
79264
79322
79329
79357
79448
79458
79660
79817
79911
79959
80190
80278
80388
80422
80623
80629
80637
80746
80847
81015
81085
81108
81550
81786
81798
82160
82187
82281
82743
82789
83218
83375
83410
83450
83596
83694
83704
83768
83800
83958
83967
84308
84321
84343
84462
84508
84639
84713
85266
85436
85442
85492
85905
85923
85966
85994
86088
86232
86285
86343
86474
86658
86901
87066
87170
87267
87352
87459
87552
87636
87758
87765
87814
87935
88054
88068
88093
88503
88532
88603
89045
89149
89193
89230
89240
89260
89264
89536
89817
89869
89974
89981
90019
90156
90182
90309
90399
90442
90591
90673
90725
90744
90822
90946
91016
91109
91122
91165
91253
91269
91303
91346
91515
91546
91724
91814
91940
92114
92131
92302
92562
92661
92676
92965
92994
93026
93509
93611
93777
93954
94119
94127
94276
94425
94455
94483
94513
94702
94982
95016
95072
95079
95181
95193
95319
95330
95445
96010
96156
96217
96232
96306
96311
96314
96342
96450
96455
96749
96866
96897
97200
97257
97436
97455
97738
97803
97994
98080
98101
98185
98259
98438
98449
98488
98749
98763
98785
98851
98907
99135
99219
99259
99329
99374
99436
99605
99638
99755
99761
99900
99945
